 year | total_incidents 
------+-----------------
 2003 |           32829
 2004 |           29015
 2005 |           27226
 2006 |           27215
 2007 |           30342
 2008 |           29811
 2009 |           30181
 2010 |           31217
 2011 |           31303
 2012 |           31831
 2013 |           30556
 2014 |           26322
 2015 |           31723
 2016 |           32252
 2017 |           32323
 2018 |           32729
 2019 |           33355
 2020 |           29918
 2021 |           31351
 2022 |           34760
 2023 |           37468
 2024 |           37996
 2025 |           12422
(23 rows)

